,Temperature,Growth,Metal_amount (g),Metal_mmol (mmol),Metal_concentration (mmol/g),Chalcogen_amount (g),Chalcogen_mmol (mmol),Chalcogen_concentration (mmol/g),Metal/Se_ratio,CA_amount (g),CA_mmol (mmol),Cd/CA_ratio,Amines_amount (g),Phosphines_amount (g),Phosphines_mmol (mmol),Chalcogen/Ph_ratio,S_I_amount (g),S_II_amount (g),Total_amount (g),Time_min (min),x0_cadmium acetate,x0_cadmium oxide,x0_cadmium stearate,x0_dimethylcadmium,x1_None,x1_dodecylphosphonic acid,x1_myrstic acid,x1_oleic acid,x1_stearic acid,x2_None,x2_dioctylamine/hexadecylamine,x2_hexadecylamine,x2_oleylamine,x3_None,x3_tributylphosphine,x3_trioctylphosphine,x3_triphenylphosphine,x4_None,x4_liquid parafin,x4_octadecene,x4_phenyl ether,x4_trioctylphosphine oxide,x5_None,x5_phosphinic acid
0,-0.5396825396825397,-0.08,-1.0,-1.2436974789915967,-0.6666666666666665,0.0,-0.11111111111111106,0.5263157894736842,-0.3627450980392157,-0.04543733434305183,-0.042826552462526805,-0.9803921568627452,0.0,0.09261123414535936,-0.09491525423728811,0.015179113539769293,-0.728011611030479,0.0,-1.1789137380191697,-0.1388888888888889,0.0,1.0,0.0,0.0,0.0,0.0,0.0,1.0,0.0,1.0,0.0,0.0,0.0,0.0,0.0,1.0,0.0,0.0,0.0,1.0,0.0,0.0,1.0,0.0
1,-0.15873015873015872,0.4,-0.4999999999999999,-0.26890756302520996,4.333333333333333,-0.36529680365296796,-0.419753086419753,0.7894736842105262,1.0245098039215685,0.7572889057175313,0.7623126338329764,-0.8295625942684766,0.0,0.5858667203543385,0.3491525423728814,-0.5312689738919247,-1.6441219158200289,0.0,-2.1884984025559113,-0.15722222222222224,0.0,1.0,0.0,0.0,0.0,0.0,0.0,0.0,1.0,1.0,0.0,0.0,0.0,0.0,1.0,0.0,0.0,1.0,0.0,0.0,0.0,0.0,1.0,0.0
2,-0.15873015873015872,0.4,-0.4999999999999999,-0.26890756302520996,4.333333333333333,-0.36529680365296796,-0.419753086419753,0.7894736842105262,1.0245098039215685,0.7572889057175313,0.7623126338329764,-0.8295625942684766,0.0,0.5858667203543385,0.3491525423728814,-0.5312689738919247,-1.6441219158200289,0.0,-2.1884984025559113,-0.14777777777777779,0.0,1.0,0.0,0.0,0.0,0.0,0.0,0.0,1.0,1.0,0.0,0.0,0.0,0.0,1.0,0.0,0.0,1.0,0.0,0.0,0.0,0.0,1.0,0.0
3,-0.15873015873015872,0.4,-0.4999999999999999,-0.26890756302520996,4.333333333333333,-0.36529680365296796,-0.419753086419753,0.7894736842105262,1.0245098039215685,0.7572889057175313,0.7623126338329764,-0.8295625942684766,0.0,0.5858667203543385,0.3491525423728814,-0.5312689738919247,-1.6441219158200289,0.0,-2.1884984025559113,-0.1288888888888889,0.0,1.0,0.0,0.0,0.0,0.0,0.0,0.0,1.0,1.0,0.0,0.0,0.0,0.0,1.0,0.0,0.0,1.0,0.0,0.0,0.0,0.0,1.0,0.0
4,-0.15873015873015872,0.4,-0.4999999999999999,-0.26890756302520996,4.333333333333333,-0.36529680365296796,-0.419753086419753,0.7894736842105262,1.0245098039215685,0.7572889057175313,0.7623126338329764,-0.8295625942684766,0.0,0.5858667203543385,0.3491525423728814,-0.5312689738919247,-1.6441219158200289,0.0,-2.1884984025559113,-0.1111111111111111,0.0,1.0,0.0,0.0,0.0,0.0,0.0,0.0,1.0,1.0,0.0,0.0,0.0,0.0,1.0,0.0,0.0,1.0,0.0,0.0,0.0,0.0,1.0,0.0
5,-0.09523809523809523,0.48,3.0,7.058823529411764,3.333333333333333,3.6529680365296806,2.9382716049382713,3.421052631578947,-0.053921568627450976,11.74555092767891,11.762312633832977,-1.0558069381598794,0.0,2.2669619488624924,1.8847457627118647,0.015179113539769293,-1.6441219158200289,0.0,0.4760383386581472,-0.14166666666666666,0.0,1.0,0.0,0.0,0.0,0.0,0.0,1.0,0.0,1.0,0.0,0.0,0.0,0.0,0.0,1.0,0.0,1.0,0.0,0.0,0.0,0.0,1.0,0.0
6,-0.09523809523809523,0.48,3.0,7.058823529411764,3.333333333333333,3.6529680365296806,2.9382716049382713,3.421052631578947,-0.053921568627450976,11.74555092767891,11.762312633832977,-1.0558069381598794,0.0,2.2669619488624924,1.8847457627118647,0.015179113539769293,-1.6441219158200289,0.0,0.4760383386581472,-0.12111111111111111,0.0,1.0,0.0,0.0,0.0,0.0,0.0,1.0,0.0,1.0,0.0,0.0,0.0,0.0,0.0,1.0,0.0,1.0,0.0,0.0,0.0,0.0,1.0,0.0
7,-0.09523809523809523,0.48,3.0,7.058823529411764,3.333333333333333,3.6529680365296806,2.9382716049382713,3.421052631578947,-0.053921568627450976,11.74555092767891,11.762312633832977,-1.0558069381598794,0.0,2.2669619488624924,1.8847457627118647,0.015179113539769293,-1.6441219158200289,0.0,0.4760383386581472,-0.10166666666666667,0.0,1.0,0.0,0.0,0.0,0.0,0.0,1.0,0.0,1.0,0.0,0.0,0.0,0.0,0.0,1.0,0.0,1.0,0.0,0.0,0.0,0.0,1.0,0.0
8,-0.09523809523809523,0.48,3.0,7.058823529411764,3.333333333333333,3.6529680365296806,2.9382716049382713,3.421052631578947,-0.053921568627450976,11.74555092767891,11.762312633832977,-1.0558069381598794,0.0,2.2669619488624924,1.8847457627118647,0.015179113539769293,-1.6441219158200289,0.0,0.4760383386581472,0.25,0.0,1.0,0.0,0.0,0.0,0.0,0.0,1.0,0.0,1.0,0.0,0.0,0.0,0.0,0.0,1.0,0.0,1.0,0.0,0.0,0.0,0.0,1.0,0.0
9,0.15873015873015872,0.32,-1.0,-1.2436974789915967,-0.33333333333333326,-0.36529680365296796,-0.4567901234567901,0.0,-0.00490196078431373,-0.2499053388867853,-0.24625267665952894,-0.5279034690799397,0.0,1.4314475538554459,1.122033898305085,-0.5919854280510018,-1.1854862119013063,0.0,-1.6421725239616618,0.9444444444444444,0.0,1.0,0.0,0.0,0.0,0.0,0.0,1.0,0.0,1.0,0.0,0.0,0.0,0.0,0.0,1.0,0.0,0.0,0.0,1.0,0.0,0.0,1.0,0.0
10,0.6666666666666666,0.8,-0.12499999999999993,0.6050420168067229,0.0,0.3652968036529681,0.22222222222222227,0.26315789473684204,-0.00490196078431373,0.22718667171525941,0.23126338329764456,0.1508295625942686,67.10344827586208,4.984900342258909,4.3559322033898304,-0.546448087431694,-0.5027576197387518,0.0,1.5351437699680515,-0.1111111111111111,0.0,1.0,0.0,0.0,0.0,0.0,0.0,0.0,1.0,0.0,0.0,1.0,0.0,0.0,0.0,1.0,0.0,0.0,0.0,0.0,0.0,1.0,1.0,0.0
11,0.6666666666666666,0.8,-0.12499999999999993,0.6050420168067229,0.0,0.3652968036529681,0.22222222222222227,0.26315789473684204,-0.00490196078431373,0.22718667171525941,0.23126338329764456,0.1508295625942686,67.10344827586208,4.984900342258909,4.3559322033898304,-0.546448087431694,-0.5027576197387518,0.0,1.5351437699680515,-0.13,0.0,1.0,0.0,0.0,0.0,0.0,0.0,0.0,1.0,0.0,0.0,1.0,0.0,0.0,0.0,1.0,0.0,0.0,0.0,0.0,0.0,1.0,1.0,0.0
12,0.6666666666666666,0.8,-0.12499999999999993,0.6050420168067229,0.0,0.3652968036529681,0.22222222222222227,0.26315789473684204,-0.00490196078431373,0.22718667171525941,0.23126338329764456,0.1508295625942686,67.10344827586208,4.984900342258909,4.3559322033898304,-0.546448087431694,-0.5027576197387518,0.0,1.5351437699680515,-0.14833333333333332,0.0,1.0,0.0,0.0,0.0,0.0,0.0,0.0,1.0,0.0,0.0,1.0,0.0,0.0,0.0,1.0,0.0,0.0,0.0,0.0,0.0,1.0,1.0,0.0
13,0.6666666666666666,0.8,-0.12499999999999993,0.6050420168067229,0.0,0.3652968036529681,0.22222222222222227,0.26315789473684204,-0.00490196078431373,0.22718667171525941,0.23126338329764456,0.1508295625942686,67.10344827586208,4.984900342258909,4.3559322033898304,-0.546448087431694,-0.5027576197387518,0.0,1.5351437699680515,9.055555555555555,0.0,1.0,0.0,0.0,0.0,0.0,0.0,0.0,1.0,0.0,0.0,1.0,0.0,0.0,0.0,1.0,0.0,0.0,0.0,0.0,0.0,1.0,1.0,0.0
14,-0.47619047619047616,0.0,-0.8,-0.9075630252100839,5.666666666666667,2.3378995433789953,1.8888888888888888,4.473684210526315,0.0,-0.3260128739113972,-0.32119914346895073,23.755656108597286,1.0,1.4314475538554459,1.122033898305085,0.04553734061930788,-0.728011611030479,0.0,-0.9794728434504794,-0.1620388888888889,0.0,1.0,0.0,0.0,0.0,0.0,0.0,1.0,0.0,0.0,0.0,1.0,0.0,0.0,0.0,1.0,0.0,0.0,0.0,1.0,0.0,0.0,1.0,0.0
15,-0.7301587301587301,-0.32,-0.8,-0.9075630252100839,5.666666666666667,2.3378995433789953,1.8888888888888888,4.473684210526315,0.0,-0.3260128739113972,-0.32119914346895073,23.755656108597286,1.0,1.4314475538554459,1.122033898305085,0.04553734061930788,-0.728011611030479,0.0,-0.9794728434504794,-0.1620388888888889,0.0,1.0,0.0,0.0,0.0,0.0,0.0,1.0,0.0,0.0,0.0,1.0,0.0,0.0,0.0,1.0,0.0,0.0,0.0,1.0,0.0,0.0,1.0,0.0
16,-0.9841269841269841,-0.64,-0.8,-0.9075630252100839,5.666666666666667,2.3378995433789953,1.8888888888888888,4.473684210526315,0.0,-0.3260128739113972,-0.32119914346895073,23.755656108597286,1.0,1.4314475538554459,1.122033898305085,0.04553734061930788,-0.728011611030479,0.0,-0.9794728434504794,-0.1620388888888889,0.0,1.0,0.0,0.0,0.0,0.0,0.0,1.0,0.0,0.0,0.0,1.0,0.0,0.0,0.0,1.0,0.0,0.0,0.0,1.0,0.0,0.0,1.0,0.0
17,-1.2380952380952381,-0.96,-0.8,-0.9075630252100839,5.666666666666667,2.3378995433789953,1.8888888888888888,4.473684210526315,0.0,-0.3260128739113972,-0.32119914346895073,23.755656108597286,1.0,1.4314475538554459,1.122033898305085,0.04553734061930788,-0.728011611030479,0.0,-0.9794728434504794,-0.1620388888888889,0.0,1.0,0.0,0.0,0.0,0.0,0.0,1.0,0.0,0.0,0.0,1.0,0.0,0.0,0.0,1.0,0.0,0.0,0.0,1.0,0.0,0.0,1.0,0.0
18,0.4126984126984127,1.12,1.25,2.9579831932773115,1.3333333333333335,0.9132420091324202,0.6419753086419753,0.7894736842105262,0.17647058823529416,-0.4543733434305187,-0.44967880085653106,-1.3574660633484164,34.48275862068966,0.5959331588483994,0.3593220338983052,0.04553734061930788,0.0,0.0,0.651757188498403,0.8333333333333334,0.0,0.0,0.0,1.0,1.0,0.0,0.0,0.0,0.0,0.0,0.0,1.0,0.0,0.0,0.0,1.0,0.0,0.0,0.0,0.0,0.0,1.0,1.0,0.0
19,0.4126984126984127,1.12,1.25,2.9579831932773115,1.3333333333333335,0.9132420091324202,0.6419753086419753,0.7894736842105262,0.17647058823529416,-0.4543733434305187,-0.44967880085653106,-1.3574660633484164,34.48275862068966,0.5959331588483994,0.3593220338983052,0.04553734061930788,0.0,0.0,0.651757188498403,2.611111111111111,0.0,0.0,0.0,1.0,1.0,0.0,0.0,0.0,0.0,0.0,0.0,1.0,0.0,0.0,0.0,1.0,0.0,0.0,0.0,0.0,0.0,1.0,1.0,0.0
20,0.4126984126984127,1.12,1.25,2.9579831932773115,1.3333333333333335,0.9132420091324202,0.6419753086419753,0.7894736842105262,0.17647058823529416,-0.4543733434305187,-0.44967880085653106,-1.3574660633484164,34.48275862068966,0.5959331588483994,0.3593220338983052,0.04553734061930788,0.0,0.0,0.651757188498403,5.388888888888889,0.0,0.0,0.0,1.0,1.0,0.0,0.0,0.0,0.0,0.0,0.0,1.0,0.0,0.0,0.0,1.0,0.0,0.0,0.0,0.0,0.0,1.0,1.0,0.0
21,0.4126984126984127,1.12,1.25,2.9579831932773115,1.3333333333333335,0.9132420091324202,0.6419753086419753,0.7894736842105262,0.17647058823529416,-0.4543733434305187,-0.44967880085653106,-1.3574660633484164,34.48275862068966,0.5959331588483994,0.3593220338983052,0.04553734061930788,0.0,0.0,0.651757188498403,8.166666666666666,0.0,0.0,0.0,1.0,1.0,0.0,0.0,0.0,0.0,0.0,0.0,1.0,0.0,0.0,0.0,1.0,0.0,0.0,0.0,0.0,0.0,1.0,1.0,0.0
22,0.4126984126984127,1.12,1.25,2.9579831932773115,1.3333333333333335,0.9132420091324202,0.6419753086419753,0.7894736842105262,0.17647058823529416,-0.4543733434305187,-0.44967880085653106,-1.3574660633484164,34.48275862068966,0.5959331588483994,0.3593220338983052,0.04553734061930788,0.0,0.0,0.651757188498403,10.944444444444445,0.0,0.0,0.0,1.0,1.0,0.0,0.0,0.0,0.0,0.0,0.0,1.0,0.0,0.0,0.0,1.0,0.0,0.0,0.0,0.0,0.0,1.0,1.0,0.0
23,0.4126984126984127,1.12,1.25,2.9579831932773115,1.3333333333333335,0.9132420091324202,0.6419753086419753,0.7894736842105262,0.17647058823529416,-0.4543733434305187,-0.44967880085653106,-1.3574660633484164,34.48275862068966,0.5959331588483994,0.3593220338983052,0.04553734061930788,0.0,0.0,0.651757188498403,12.5,0.0,0.0,0.0,1.0,1.0,0.0,0.0,0.0,0.0,0.0,0.0,1.0,0.0,0.0,0.0,1.0,0.0,0.0,0.0,0.0,0.0,1.0,1.0,0.0
24,0.4126984126984127,1.12,1.25,2.9579831932773115,1.3333333333333335,0.9132420091324202,0.6419753086419753,0.7894736842105262,0.17647058823529416,-0.4543733434305187,-0.44967880085653106,-1.3574660633484164,34.48275862068966,0.5959331588483994,0.3593220338983052,0.04553734061930788,0.0,0.0,0.651757188498403,13.722222222222221,0.0,0.0,0.0,1.0,1.0,0.0,0.0,0.0,0.0,0.0,0.0,1.0,0.0,0.0,0.0,1.0,0.0,0.0,0.0,0.0,0.0,1.0,1.0,0.0
25,-0.2222222222222222,0.32,1.3750000000000002,-0.5714285714285714,-0.33333333333333326,-0.18264840182648398,-0.2098765432098765,0.0,0.0,-0.4543733434305187,-0.44967880085653106,-1.3574660633484164,34.48275862068966,3.7869941614656732,3.261016949152543,-0.5768063145112327,-1.0635703918722785,0.0,-0.31150159744408945,-0.1573888888888889,0.0,0.0,1.0,0.0,1.0,0.0,0.0,0.0,0.0,0.0,0.0,0.0,1.0,0.0,1.0,0.0,0.0,0.0,0.0,0.0,0.0,1.0,1.0,0.0
26,-0.2222222222222222,0.32,1.3750000000000002,-0.5714285714285714,-0.33333333333333326,-0.18264840182648398,-0.2098765432098765,0.0,0.0,-0.4543733434305187,-0.44967880085653106,-1.3574660633484164,34.48275862068966,3.7869941614656732,3.261016949152543,-0.5768063145112327,-1.0635703918722785,0.0,-0.31150159744408945,0.1111111111111111,0.0,0.0,1.0,0.0,1.0,0.0,0.0,0.0,0.0,0.0,0.0,0.0,1.0,0.0,1.0,0.0,0.0,0.0,0.0,0.0,0.0,1.0,1.0,0.0
27,-0.2222222222222222,0.32,1.3750000000000002,-0.5714285714285714,-0.33333333333333326,-0.18264840182648398,-0.2098765432098765,0.0,0.0,-0.4543733434305187,-0.44967880085653106,-1.3574660633484164,34.48275862068966,3.7869941614656732,3.261016949152543,-0.5768063145112327,-1.0635703918722785,0.0,-0.31150159744408945,0.6666666666666666,0.0,0.0,1.0,0.0,1.0,0.0,0.0,0.0,0.0,0.0,0.0,0.0,1.0,0.0,1.0,0.0,0.0,0.0,0.0,0.0,0.0,1.0,1.0,0.0
28,-0.2222222222222222,0.32,1.3750000000000002,-0.5714285714285714,-0.33333333333333326,-0.18264840182648398,-0.2098765432098765,0.0,0.0,-0.4543733434305187,-0.44967880085653106,-1.3574660633484164,34.48275862068966,3.7869941614656732,3.261016949152543,-0.5768063145112327,-1.0635703918722785,0.0,-0.31150159744408945,1.5,0.0,0.0,1.0,0.0,1.0,0.0,0.0,0.0,0.0,0.0,0.0,0.0,1.0,0.0,1.0,0.0,0.0,0.0,0.0,0.0,0.0,1.0,1.0,0.0
29,-0.2222222222222222,0.32,1.3750000000000002,-0.5714285714285714,-0.33333333333333326,-0.18264840182648398,-0.2098765432098765,0.0,0.0,-0.4543733434305187,-0.44967880085653106,-1.3574660633484164,34.48275862068966,3.7869941614656732,3.261016949152543,-0.5768063145112327,-1.0635703918722785,0.0,-0.31150159744408945,3.1666666666666665,0.0,0.0,1.0,0.0,1.0,0.0,0.0,0.0,0.0,0.0,0.0,0.0,1.0,0.0,1.0,0.0,0.0,0.0,0.0,0.0,0.0,1.0,1.0,0.0
30,-0.2222222222222222,0.32,1.3750000000000002,-0.5714285714285714,-0.33333333333333326,-0.18264840182648398,-0.2098765432098765,0.0,0.0,-0.4543733434305187,-0.44967880085653106,-1.3574660633484164,34.48275862068966,3.7869941614656732,3.261016949152543,-0.5768063145112327,-1.0635703918722785,0.0,-0.31150159744408945,9.833333333333334,0.0,0.0,1.0,0.0,1.0,0.0,0.0,0.0,0.0,0.0,0.0,0.0,1.0,0.0,1.0,0.0,0.0,0.0,0.0,0.0,0.0,1.0,1.0,0.0
31,0.15873015873015872,0.8,0.1250000000000001,1.1092436974789919,0.6666666666666667,0.0,-0.08641975308641969,0.0,0.4950980392156863,-0.037864445285876513,-0.03426124197002144,1.7345399698340873,0.0,-0.23958123615864707,-0.4,-0.6223436551305404,0.188098693759071,0.0,0.044728434504792525,-0.165,0.0,1.0,0.0,0.0,0.0,0.0,1.0,0.0,0.0,1.0,0.0,0.0,0.0,1.0,0.0,0.0,0.0,0.0,0.0,1.0,0.0,0.0,1.0,0.0
32,0.15873015873015872,0.8,0.1250000000000001,1.1092436974789919,0.6666666666666667,0.0,-0.08641975308641969,0.0,0.4950980392156863,-0.037864445285876513,-0.03426124197002144,1.7345399698340873,0.0,-0.23958123615864707,-0.4,-0.6223436551305404,0.188098693759071,0.0,0.044728434504792525,-0.1622222222222222,0.0,1.0,0.0,0.0,0.0,0.0,1.0,0.0,0.0,1.0,0.0,0.0,0.0,1.0,0.0,0.0,0.0,0.0,0.0,1.0,0.0,0.0,1.0,0.0
33,0.15873015873015872,0.8,0.1250000000000001,1.1092436974789919,0.6666666666666667,0.0,-0.08641975308641969,0.0,0.4950980392156863,-0.037864445285876513,-0.03426124197002144,1.7345399698340873,0.0,-0.23958123615864707,-0.4,-0.6223436551305404,0.188098693759071,0.0,0.044728434504792525,-0.15722222222222224,0.0,1.0,0.0,0.0,0.0,0.0,1.0,0.0,0.0,1.0,0.0,0.0,0.0,1.0,0.0,0.0,0.0,0.0,0.0,1.0,0.0,0.0,1.0,0.0
34,0.15873015873015872,0.8,0.1250000000000001,1.1092436974789919,0.6666666666666667,0.0,-0.08641975308641969,0.0,0.4950980392156863,-0.037864445285876513,-0.03426124197002144,1.7345399698340873,0.0,-0.23958123615864707,-0.4,-0.6223436551305404,0.188098693759071,0.0,0.044728434504792525,-0.14833333333333332,0.0,1.0,0.0,0.0,0.0,0.0,1.0,0.0,0.0,1.0,0.0,0.0,0.0,1.0,0.0,0.0,0.0,0.0,0.0,1.0,0.0,0.0,1.0,0.0
35,0.15873015873015872,0.8,0.1250000000000001,1.1092436974789919,0.6666666666666667,0.0,-0.08641975308641969,0.0,0.4950980392156863,-0.037864445285876513,-0.03426124197002144,1.7345399698340873,0.0,-0.23958123615864707,-0.4,-0.6223436551305404,0.188098693759071,0.0,0.044728434504792525,-0.1388888888888889,0.0,1.0,0.0,0.0,0.0,0.0,1.0,0.0,0.0,1.0,0.0,0.0,0.0,1.0,0.0,0.0,0.0,0.0,0.0,1.0,0.0,0.0,1.0,0.0
36,0.15873015873015872,0.8,0.1250000000000001,1.1092436974789919,0.6666666666666667,0.0,-0.08641975308641969,0.0,0.4950980392156863,-0.037864445285876513,-0.03426124197002144,1.7345399698340873,0.0,-0.23958123615864707,-0.4,-0.6223436551305404,0.188098693759071,0.0,0.044728434504792525,-0.12944444444444445,0.0,1.0,0.0,0.0,0.0,0.0,1.0,0.0,0.0,1.0,0.0,0.0,0.0,1.0,0.0,0.0,0.0,0.0,0.0,1.0,0.0,0.0,1.0,0.0
37,0.15873015873015872,0.8,0.1250000000000001,1.1092436974789919,0.6666666666666667,0.0,-0.08641975308641969,0.0,0.4950980392156863,-0.037864445285876513,-0.03426124197002144,1.7345399698340873,0.0,-0.23958123615864707,-0.4,-0.6223436551305404,0.188098693759071,0.0,0.044728434504792525,-0.12055555555555555,0.0,1.0,0.0,0.0,0.0,0.0,1.0,0.0,0.0,1.0,0.0,0.0,0.0,1.0,0.0,0.0,0.0,0.0,0.0,1.0,0.0,0.0,1.0,0.0
38,0.15873015873015872,0.8,0.1250000000000001,1.1092436974789919,0.6666666666666667,0.0,-0.08641975308641969,0.0,0.4950980392156863,-0.037864445285876513,-0.03426124197002144,1.7345399698340873,0.0,-0.23958123615864707,-0.4,-0.6223436551305404,0.188098693759071,0.0,0.044728434504792525,-0.1111111111111111,0.0,1.0,0.0,0.0,0.0,0.0,1.0,0.0,0.0,1.0,0.0,0.0,0.0,1.0,0.0,0.0,0.0,0.0,0.0,1.0,0.0,0.0,1.0,0.0
39,0.15873015873015872,0.8,0.1250000000000001,1.1092436974789919,0.6666666666666667,0.0,-0.08641975308641969,0.0,0.4950980392156863,-0.037864445285876513,-0.03426124197002144,1.7345399698340873,0.0,-0.23958123615864707,-0.4,-0.6223436551305404,0.188098693759071,0.0,0.044728434504792525,0.0,0.0,1.0,0.0,0.0,0.0,0.0,1.0,0.0,0.0,1.0,0.0,0.0,0.0,1.0,0.0,0.0,0.0,0.0,0.0,1.0,0.0,0.0,1.0,0.0
40,0.15873015873015872,0.8,0.1250000000000001,1.1092436974789919,0.6666666666666667,0.0,-0.08641975308641969,0.0,0.4950980392156863,-0.037864445285876513,-0.03426124197002144,1.7345399698340873,0.0,-0.23958123615864707,-0.4,-0.6223436551305404,0.188098693759071,0.0,0.044728434504792525,0.1111111111111111,0.0,1.0,0.0,0.0,0.0,0.0,1.0,0.0,0.0,1.0,0.0,0.0,0.0,1.0,0.0,0.0,0.0,0.0,0.0,1.0,0.0,0.0,1.0,0.0
41,0.15873015873015872,0.8,0.1250000000000001,1.1092436974789919,0.6666666666666667,0.0,-0.08641975308641969,0.0,0.4950980392156863,-0.037864445285876513,-0.03426124197002144,1.7345399698340873,0.0,-0.23958123615864707,-0.4,-0.6223436551305404,0.188098693759071,0.0,0.044728434504792525,0.3888888888888889,0.0,1.0,0.0,0.0,0.0,0.0,1.0,0.0,0.0,1.0,0.0,0.0,0.0,1.0,0.0,0.0,0.0,0.0,0.0,1.0,0.0,0.0,1.0,0.0
42,0.15873015873015872,0.8,0.1250000000000001,1.1092436974789919,0.6666666666666667,0.0,-0.08641975308641969,0.0,0.4950980392156863,-0.037864445285876513,-0.03426124197002144,1.7345399698340873,0.0,-0.23958123615864707,-0.4,-0.6223436551305404,0.188098693759071,0.0,0.044728434504792525,2.0555555555555554,0.0,1.0,0.0,0.0,0.0,0.0,1.0,0.0,0.0,1.0,0.0,0.0,0.0,1.0,0.0,0.0,0.0,0.0,0.0,1.0,0.0,0.0,1.0,0.0
43,-2.507936507936508,-0.96,0.5000000000000001,0.3025210084033616,0.0,-0.36529680365296796,-0.3580246913580246,-0.2631578947368421,0.9950980392156864,0.22718667171525941,0.22912205567451818,0.0,0.0,-0.07851822025367426,-0.2508474576271187,0.0,0.09521044992743108,0.0,0.0,0.0,1.0,0.0,0.0,0.0,0.0,0.0,0.0,1.0,0.0,1.0,0.0,0.0,0.0,0.0,1.0,0.0,0.0,0.0,0.0,0.0,1.0,0.0,1.0,0.0
44,-2.507936507936508,-0.96,0.5000000000000001,0.3025210084033616,0.0,-0.36529680365296796,-0.3580246913580246,-0.2631578947368421,0.9950980392156864,0.22718667171525941,0.22912205567451818,0.0,0.0,-0.07851822025367426,-0.2508474576271187,0.0,0.09521044992743108,0.0,0.0,0.2222222222222222,1.0,0.0,0.0,0.0,0.0,0.0,0.0,1.0,0.0,1.0,0.0,0.0,0.0,0.0,1.0,0.0,0.0,0.0,0.0,0.0,1.0,0.0,1.0,0.0
45,-2.507936507936508,-0.96,0.5000000000000001,0.3025210084033616,0.0,-0.36529680365296796,-0.3580246913580246,-0.2631578947368421,0.9950980392156864,0.22718667171525941,0.22912205567451818,0.0,0.0,-0.07851822025367426,-0.2508474576271187,0.0,0.09521044992743108,0.0,0.0,0.7222222222222222,1.0,0.0,0.0,0.0,0.0,0.0,0.0,1.0,0.0,1.0,0.0,0.0,0.0,0.0,1.0,0.0,0.0,0.0,0.0,0.0,1.0,0.0,1.0,0.0
46,-2.507936507936508,-0.96,0.5000000000000001,0.3025210084033616,0.0,-0.36529680365296796,-0.3580246913580246,-0.2631578947368421,0.9950980392156864,0.22718667171525941,0.22912205567451818,0.0,0.0,-0.07851822025367426,-0.2508474576271187,0.0,0.09521044992743108,0.0,0.0,1.1666666666666667,1.0,0.0,0.0,0.0,0.0,0.0,0.0,1.0,0.0,1.0,0.0,0.0,0.0,0.0,1.0,0.0,0.0,0.0,0.0,0.0,1.0,0.0,1.0,0.0
47,-2.507936507936508,-0.96,0.5000000000000001,0.3025210084033616,0.0,-0.36529680365296796,-0.3580246913580246,-0.2631578947368421,0.9950980392156864,0.22718667171525941,0.22912205567451818,0.0,0.0,-0.07851822025367426,-0.2508474576271187,0.0,0.09521044992743108,0.0,0.0,1.8333333333333333,1.0,0.0,0.0,0.0,0.0,0.0,0.0,1.0,0.0,1.0,0.0,0.0,0.0,0.0,1.0,0.0,0.0,0.0,0.0,0.0,1.0,0.0,1.0,0.0
48,-2.507936507936508,-0.96,0.5000000000000001,0.3025210084033616,0.0,-0.36529680365296796,-0.3580246913580246,-0.2631578947368421,0.9950980392156864,0.22718667171525941,0.22912205567451818,0.0,0.0,-0.07851822025367426,-0.2508474576271187,0.0,0.09521044992743108,0.0,0.0,2.611111111111111,1.0,0.0,0.0,0.0,0.0,0.0,0.0,1.0,0.0,1.0,0.0,0.0,0.0,0.0,1.0,0.0,0.0,0.0,0.0,0.0,1.0,0.0,1.0,0.0
49,-2.507936507936508,-1.44,0.5000000000000001,0.3025210084033616,0.0,-0.36529680365296796,-0.3580246913580246,-0.2631578947368421,0.9950980392156864,0.22718667171525941,0.22912205567451818,0.0,0.0,-0.07851822025367426,-0.2508474576271187,0.0,0.09521044992743108,0.0,0.0,0.0,1.0,0.0,0.0,0.0,0.0,0.0,0.0,1.0,0.0,1.0,0.0,0.0,0.0,0.0,1.0,0.0,0.0,0.0,0.0,0.0,1.0,0.0,1.0,0.0
50,-2.507936507936508,-1.44,0.5000000000000001,0.3025210084033616,0.0,-0.36529680365296796,-0.3580246913580246,-0.2631578947368421,0.9950980392156864,0.22718667171525941,0.22912205567451818,0.0,0.0,-0.07851822025367426,-0.2508474576271187,0.0,0.09521044992743108,0.0,0.0,0.2222222222222222,1.0,0.0,0.0,0.0,0.0,0.0,0.0,1.0,0.0,1.0,0.0,0.0,0.0,0.0,1.0,0.0,0.0,0.0,0.0,0.0,1.0,0.0,1.0,0.0
51,-2.507936507936508,-1.44,0.5000000000000001,0.3025210084033616,0.0,-0.36529680365296796,-0.3580246913580246,-0.2631578947368421,0.9950980392156864,0.22718667171525941,0.22912205567451818,0.0,0.0,-0.07851822025367426,-0.2508474576271187,0.0,0.09521044992743108,0.0,0.0,0.7222222222222222,1.0,0.0,0.0,0.0,0.0,0.0,0.0,1.0,0.0,1.0,0.0,0.0,0.0,0.0,1.0,0.0,0.0,0.0,0.0,0.0,1.0,0.0,1.0,0.0
52,-2.507936507936508,-1.44,0.5000000000000001,0.3025210084033616,0.0,-0.36529680365296796,-0.3580246913580246,-0.2631578947368421,0.9950980392156864,0.22718667171525941,0.22912205567451818,0.0,0.0,-0.07851822025367426,-0.2508474576271187,0.0,0.09521044992743108,0.0,0.0,1.1666666666666667,1.0,0.0,0.0,0.0,0.0,0.0,0.0,1.0,0.0,1.0,0.0,0.0,0.0,0.0,1.0,0.0,0.0,0.0,0.0,0.0,1.0,0.0,1.0,0.0
53,-2.507936507936508,-1.44,0.5000000000000001,0.3025210084033616,0.0,-0.36529680365296796,-0.3580246913580246,-0.2631578947368421,0.9950980392156864,0.22718667171525941,0.22912205567451818,0.0,0.0,-0.07851822025367426,-0.2508474576271187,0.0,0.09521044992743108,0.0,0.0,1.8333333333333333,1.0,0.0,0.0,0.0,0.0,0.0,0.0,1.0,0.0,1.0,0.0,0.0,0.0,0.0,1.0,0.0,0.0,0.0,0.0,0.0,1.0,0.0,1.0,0.0
54,-2.507936507936508,-1.44,0.5000000000000001,0.3025210084033616,0.0,-0.36529680365296796,-0.3580246913580246,-0.2631578947368421,0.9950980392156864,0.22718667171525941,0.22912205567451818,0.0,0.0,-0.07851822025367426,-0.2508474576271187,0.0,0.09521044992743108,0.0,0.0,2.611111111111111,1.0,0.0,0.0,0.0,0.0,0.0,0.0,1.0,0.0,1.0,0.0,0.0,0.0,0.0,1.0,0.0,0.0,0.0,0.0,0.0,1.0,0.0,1.0,0.0
55,-2.507936507936508,-1.92,0.5000000000000001,0.3025210084033616,0.0,-0.36529680365296796,-0.3580246913580246,-0.2631578947368421,0.9950980392156864,0.22718667171525941,0.22912205567451818,0.0,0.0,-0.07851822025367426,-0.2508474576271187,0.0,0.09521044992743108,0.0,0.0,0.7222222222222222,1.0,0.0,0.0,0.0,0.0,0.0,0.0,1.0,0.0,1.0,0.0,0.0,0.0,0.0,1.0,0.0,0.0,0.0,0.0,0.0,1.0,0.0,1.0,0.0
56,-2.507936507936508,-1.92,0.5000000000000001,0.3025210084033616,0.0,-0.36529680365296796,-0.3580246913580246,-0.2631578947368421,0.9950980392156864,0.22718667171525941,0.22912205567451818,0.0,0.0,-0.07851822025367426,-0.2508474576271187,0.0,0.09521044992743108,0.0,0.0,1.1666666666666667,1.0,0.0,0.0,0.0,0.0,0.0,0.0,1.0,0.0,1.0,0.0,0.0,0.0,0.0,1.0,0.0,0.0,0.0,0.0,0.0,1.0,0.0,1.0,0.0
57,-2.507936507936508,-1.92,0.5000000000000001,0.3025210084033616,0.0,-0.36529680365296796,-0.3580246913580246,-0.2631578947368421,0.9950980392156864,0.22718667171525941,0.22912205567451818,0.0,0.0,-0.07851822025367426,-0.2508474576271187,0.0,0.09521044992743108,0.0,0.0,1.8333333333333333,1.0,0.0,0.0,0.0,0.0,0.0,0.0,1.0,0.0,1.0,0.0,0.0,0.0,0.0,1.0,0.0,0.0,0.0,0.0,0.0,1.0,0.0,1.0,0.0
58,-2.507936507936508,-1.92,0.5000000000000001,0.3025210084033616,0.0,-0.36529680365296796,-0.3580246913580246,-0.2631578947368421,0.9950980392156864,0.22718667171525941,0.22912205567451818,0.0,0.0,-0.07851822025367426,-0.2508474576271187,0.0,0.09521044992743108,0.0,0.0,2.611111111111111,1.0,0.0,0.0,0.0,0.0,0.0,0.0,1.0,0.0,1.0,0.0,0.0,0.0,0.0,1.0,0.0,0.0,0.0,0.0,0.0,1.0,0.0,1.0,0.0
59,0.4126984126984127,0.0,-0.375,0.0,-0.33333333333333326,0.18264840182648406,0.0,0.0,-0.00490196078431373,0.6739871260886028,0.6788008565310492,-0.6787330316742082,0.0,0.9281256291524057,0.6610169491525424,-0.39465695203400125,0.3529753265602321,0.6,0.6980830670926521,-0.15722222222222224,0.0,1.0,0.0,0.0,0.0,0.0,0.0,1.0,0.0,1.0,0.0,0.0,0.0,0.0,0.0,1.0,0.0,0.0,0.0,1.0,0.0,0.0,0.0,1.0
60,0.4126984126984127,0.0,-0.375,0.0,-0.33333333333333326,0.18264840182648406,0.0,0.0,-0.00490196078431373,0.6739871260886028,0.6788008565310492,-0.6787330316742082,0.0,0.9281256291524057,0.6610169491525424,-0.39465695203400125,0.3529753265602321,0.6,0.6980830670926521,-0.1388888888888889,0.0,1.0,0.0,0.0,0.0,0.0,0.0,1.0,0.0,1.0,0.0,0.0,0.0,0.0,0.0,1.0,0.0,0.0,0.0,1.0,0.0,0.0,0.0,1.0
61,0.4126984126984127,0.0,-0.375,0.0,-0.33333333333333326,0.18264840182648406,0.0,0.0,-0.00490196078431373,0.6739871260886028,0.6788008565310492,-0.6787330316742082,0.0,0.9281256291524057,0.6610169491525424,-0.39465695203400125,0.3529753265602321,0.6,0.6980830670926521,-0.1111111111111111,0.0,1.0,0.0,0.0,0.0,0.0,0.0,1.0,0.0,1.0,0.0,0.0,0.0,0.0,0.0,1.0,0.0,0.0,0.0,1.0,0.0,0.0,0.0,1.0
62,0.4126984126984127,0.0,-0.375,0.0,-0.33333333333333326,0.18264840182648406,0.0,0.0,-0.00490196078431373,0.6739871260886028,0.6788008565310492,-0.6787330316742082,0.0,0.9281256291524057,0.6610169491525424,-0.39465695203400125,0.3529753265602321,0.6,0.6980830670926521,0.0,0.0,1.0,0.0,0.0,0.0,0.0,0.0,1.0,0.0,1.0,0.0,0.0,0.0,0.0,0.0,1.0,0.0,0.0,0.0,1.0,0.0,0.0,0.0,1.0
63,0.4126984126984127,0.0,-0.375,0.0,-0.33333333333333326,0.18264840182648406,0.0,0.0,-0.00490196078431373,0.6739871260886028,0.6788008565310492,-0.6787330316742082,0.0,0.9281256291524057,0.6610169491525424,-0.39465695203400125,0.3529753265602321,0.6,0.6980830670926521,0.1111111111111111,0.0,1.0,0.0,0.0,0.0,0.0,0.0,1.0,0.0,1.0,0.0,0.0,0.0,0.0,0.0,1.0,0.0,0.0,0.0,1.0,0.0,0.0,0.0,1.0
64,0.4126984126984127,0.0,-0.375,0.0,-0.33333333333333326,0.18264840182648406,0.0,0.0,-0.00490196078431373,0.6739871260886028,0.6788008565310492,-0.6787330316742082,0.0,0.9281256291524057,0.6610169491525424,-0.39465695203400125,0.3529753265602321,0.6,0.6980830670926521,0.3888888888888889,0.0,1.0,0.0,0.0,0.0,0.0,0.0,1.0,0.0,1.0,0.0,0.0,0.0,0.0,0.0,1.0,0.0,0.0,0.0,1.0,0.0,0.0,0.0,1.0
65,0.4126984126984127,0.0,-0.375,0.0,-0.33333333333333326,0.18264840182648406,0.0,0.0,-0.00490196078431373,0.6739871260886028,0.6788008565310492,-0.6787330316742082,0.0,0.9281256291524057,0.6610169491525424,-0.39465695203400125,0.3529753265602321,0.6,0.6980830670926521,0.9444444444444444,0.0,1.0,0.0,0.0,0.0,0.0,0.0,1.0,0.0,1.0,0.0,0.0,0.0,0.0,0.0,1.0,0.0,0.0,0.0,1.0,0.0,0.0,0.0,1.0
66,0.4126984126984127,0.0,-0.375,0.0,-0.33333333333333326,0.18264840182648406,0.0,0.0,-0.00490196078431373,0.6739871260886028,0.6788008565310492,-0.6787330316742082,0.0,-0.23958123615864707,-0.4,-0.6223436551305404,0.4806966618287373,0.6,0.6884984025559105,-0.15722222222222224,0.0,1.0,0.0,0.0,0.0,0.0,0.0,1.0,0.0,1.0,0.0,0.0,0.0,1.0,0.0,0.0,0.0,0.0,0.0,1.0,0.0,0.0,0.0,1.0
67,0.4126984126984127,0.0,-0.375,0.0,-0.33333333333333326,0.18264840182648406,0.0,0.0,-0.00490196078431373,0.6739871260886028,0.6788008565310492,-0.6787330316742082,0.0,-0.23958123615864707,-0.4,-0.6223436551305404,0.4806966618287373,0.6,0.6884984025559105,-0.1388888888888889,0.0,1.0,0.0,0.0,0.0,0.0,0.0,1.0,0.0,1.0,0.0,0.0,0.0,1.0,0.0,0.0,0.0,0.0,0.0,1.0,0.0,0.0,0.0,1.0
68,0.4126984126984127,0.0,-0.375,0.0,-0.33333333333333326,0.18264840182648406,0.0,0.0,-0.00490196078431373,0.6739871260886028,0.6788008565310492,-0.6787330316742082,0.0,-0.23958123615864707,-0.4,-0.6223436551305404,0.4806966618287373,0.6,0.6884984025559105,-0.1111111111111111,0.0,1.0,0.0,0.0,0.0,0.0,0.0,1.0,0.0,1.0,0.0,0.0,0.0,1.0,0.0,0.0,0.0,0.0,0.0,1.0,0.0,0.0,0.0,1.0
69,0.4126984126984127,0.0,-0.375,0.0,-0.33333333333333326,0.18264840182648406,0.0,0.0,-0.00490196078431373,0.6739871260886028,0.6788008565310492,-0.6787330316742082,0.0,-0.23958123615864707,-0.4,-0.6223436551305404,0.4806966618287373,0.6,0.6884984025559105,0.1111111111111111,0.0,1.0,0.0,0.0,0.0,0.0,0.0,1.0,0.0,1.0,0.0,0.0,0.0,1.0,0.0,0.0,0.0,0.0,0.0,1.0,0.0,0.0,0.0,1.0
70,0.4126984126984127,0.0,-0.375,0.0,-0.33333333333333326,0.18264840182648406,0.0,0.0,-0.00490196078431373,0.6739871260886028,0.6788008565310492,-0.6787330316742082,0.0,-0.23958123615864707,-0.4,-0.6223436551305404,0.4806966618287373,0.6,0.6884984025559105,0.9444444444444444,0.0,1.0,0.0,0.0,0.0,0.0,0.0,1.0,0.0,1.0,0.0,0.0,0.0,1.0,0.0,0.0,0.0,0.0,0.0,1.0,0.0,0.0,0.0,1.0
71,0.4126984126984127,0.0,-0.375,0.0,-0.33333333333333326,0.18264840182648406,0.0,0.0,-0.00490196078431373,0.6739871260886028,0.6788008565310492,-0.6787330316742082,0.0,-0.23958123615864707,-0.4,-0.6223436551305404,1.5953555878084176,0.0,2.1261980830670932,-0.15722222222222224,0.0,1.0,0.0,0.0,0.0,0.0,0.0,1.0,0.0,1.0,0.0,0.0,0.0,1.0,0.0,0.0,0.0,0.0,0.0,1.0,0.0,0.0,1.0,0.0
72,0.4126984126984127,0.0,-0.375,0.0,-0.33333333333333326,0.18264840182648406,0.0,0.0,-0.00490196078431373,0.6739871260886028,0.6788008565310492,-0.6787330316742082,0.0,-0.23958123615864707,-0.4,-0.6223436551305404,1.5953555878084176,0.0,2.1261980830670932,-0.1388888888888889,0.0,1.0,0.0,0.0,0.0,0.0,0.0,1.0,0.0,1.0,0.0,0.0,0.0,1.0,0.0,0.0,0.0,0.0,0.0,1.0,0.0,0.0,1.0,0.0
73,0.4126984126984127,0.0,-0.375,0.0,-0.33333333333333326,0.18264840182648406,0.0,0.0,-0.00490196078431373,0.6739871260886028,0.6788008565310492,-0.6787330316742082,0.0,-0.23958123615864707,-0.4,-0.6223436551305404,1.5953555878084176,0.0,2.1261980830670932,-0.1111111111111111,0.0,1.0,0.0,0.0,0.0,0.0,0.0,1.0,0.0,1.0,0.0,0.0,0.0,1.0,0.0,0.0,0.0,0.0,0.0,1.0,0.0,0.0,1.0,0.0
74,0.4126984126984127,0.0,-0.375,0.0,-0.33333333333333326,0.18264840182648406,0.0,0.0,-0.00490196078431373,0.6739871260886028,0.6788008565310492,-0.6787330316742082,0.0,-0.23958123615864707,-0.4,-0.6223436551305404,1.5953555878084176,0.0,2.1261980830670932,0.0,0.0,1.0,0.0,0.0,0.0,0.0,0.0,1.0,0.0,1.0,0.0,0.0,0.0,1.0,0.0,0.0,0.0,0.0,0.0,1.0,0.0,0.0,1.0,0.0
75,0.4126984126984127,0.0,-0.375,0.0,-0.33333333333333326,0.18264840182648406,0.0,0.0,-0.00490196078431373,0.6739871260886028,0.6788008565310492,-0.6787330316742082,0.0,-0.23958123615864707,-0.4,-0.6223436551305404,1.5953555878084176,0.0,2.1261980830670932,0.1111111111111111,0.0,1.0,0.0,0.0,0.0,0.0,0.0,1.0,0.0,1.0,0.0,0.0,0.0,1.0,0.0,0.0,0.0,0.0,0.0,1.0,0.0,0.0,1.0,0.0
76,0.4126984126984127,0.0,-0.375,0.0,-0.33333333333333326,0.18264840182648406,0.0,0.0,-0.00490196078431373,0.6739871260886028,0.6788008565310492,-0.6787330316742082,0.0,-0.23958123615864707,-0.4,-0.6223436551305404,1.5953555878084176,0.0,2.1261980830670932,0.3888888888888889,0.0,1.0,0.0,0.0,0.0,0.0,0.0,1.0,0.0,1.0,0.0,0.0,0.0,1.0,0.0,0.0,0.0,0.0,0.0,1.0,0.0,0.0,1.0,0.0
77,0.4126984126984127,0.0,-0.375,0.0,-0.33333333333333326,0.18264840182648406,0.0,0.0,-0.00490196078431373,0.6739871260886028,0.6788008565310492,-0.6787330316742082,0.0,-0.23958123615864707,-0.4,-0.6223436551305404,1.5953555878084176,0.0,2.1261980830670932,0.9444444444444444,0.0,1.0,0.0,0.0,0.0,0.0,0.0,1.0,0.0,1.0,0.0,0.0,0.0,1.0,0.0,0.0,0.0,0.0,0.0,1.0,0.0,0.0,1.0,0.0
78,0.7936507936507936,1.6,0.4750000000000001,1.781512605042017,0.9999999999999999,2.336073059360731,1.8888888888888888,2.6315789473684204,-0.25,-0.07572889057175311,-0.021413276231263403,-0.45248868778280543,27.586206896551726,5.9009462452184405,9.820338983050847,-0.5217061323618701,-1.6441219158200289,6.0,0.11341853035143787,-0.15944444444444444,0.0,1.0,0.0,0.0,0.0,1.0,0.0,0.0,0.0,0.0,0.0,1.0,0.0,0.0,1.0,0.0,0.0,0.0,0.0,0.0,0.0,1.0,1.0,0.0
79,0.2857142857142857,0.96,-0.9625,-1.2436974789915967,-0.6666666666666665,-0.4018264840182648,-0.45518518518518514,-0.2631578947368421,-0.00490196078431373,0.5376751230594472,0.5438972162740898,1.508295625942685,0.0,0.767062613247433,0.5152542372881357,-0.5654219793564056,-0.49346879535558774,0.0,-0.6293929712460065,-0.16205555555555554,0.0,1.0,0.0,0.0,0.0,0.0,0.0,1.0,0.0,1.0,0.0,0.0,0.0,0.0,0.0,1.0,0.0,0.0,0.0,1.0,0.0,0.0,1.0,0.0
80,0.2857142857142857,0.96,-0.9625,-1.2436974789915967,-0.6666666666666665,-0.4018264840182648,-0.45518518518518514,-0.2631578947368421,-0.00490196078431373,0.5376751230594472,0.5438972162740898,1.508295625942685,0.0,0.767062613247433,0.5152542372881357,-0.5654219793564056,-0.49346879535558774,0.0,-0.6293929712460065,-0.1111111111111111,0.0,1.0,0.0,0.0,0.0,0.0,0.0,1.0,0.0,1.0,0.0,0.0,0.0,0.0,0.0,1.0,0.0,0.0,0.0,1.0,0.0,0.0,1.0,0.0
81,-0.47619047619047616,0.0,5.25,11.764705882352942,0.22333333333333347,1.2785388127853883,1.0246913580246915,-0.21052631578947364,1.0018627450980393,3.7410071942446046,3.747323340471092,0.17043740573152344,0.0,0.263740688544393,0.05762711864406785,0.839404978749241,10.129462989840349,0.0,14.67571884984026,-0.08333333333333333,0.0,1.0,0.0,0.0,0.0,0.0,0.0,1.0,0.0,1.0,0.0,0.0,0.0,0.0,0.0,1.0,0.0,0.0,0.0,1.0,0.0,0.0,1.0,0.0
82,-0.2222222222222222,0.32,5.25,11.764705882352942,0.22333333333333347,1.2785388127853883,1.0246913580246915,-0.21052631578947364,1.0018627450980393,3.7410071942446046,3.747323340471092,0.17043740573152344,0.0,0.263740688544393,0.05762711864406785,0.839404978749241,10.129462989840349,0.0,14.67571884984026,-0.08333333333333333,0.0,1.0,0.0,0.0,0.0,0.0,0.0,1.0,0.0,1.0,0.0,0.0,0.0,0.0,0.0,1.0,0.0,0.0,0.0,1.0,0.0,0.0,1.0,0.0
83,0.031746031746031744,0.64,5.25,11.764705882352942,0.22333333333333347,1.2785388127853883,1.0246913580246915,-0.21052631578947364,1.0018627450980393,3.7410071942446046,3.747323340471092,0.17043740573152344,0.0,0.263740688544393,0.05762711864406785,0.839404978749241,10.129462989840349,0.0,14.67571884984026,-0.08333333333333333,0.0,1.0,0.0,0.0,0.0,0.0,0.0,1.0,0.0,1.0,0.0,0.0,0.0,0.0,0.0,1.0,0.0,0.0,0.0,1.0,0.0,0.0,1.0,0.0
84,0.2857142857142857,0.96,5.25,11.764705882352942,0.22333333333333347,1.2785388127853883,1.0246913580246915,-0.21052631578947364,1.0018627450980393,3.7410071942446046,3.747323340471092,0.17043740573152344,0.0,0.263740688544393,0.05762711864406785,0.839404978749241,10.129462989840349,0.0,14.67571884984026,-0.08333333333333333,0.0,1.0,0.0,0.0,0.0,0.0,0.0,1.0,0.0,1.0,0.0,0.0,0.0,0.0,0.0,1.0,0.0,0.0,0.0,1.0,0.0,0.0,1.0,0.0
85,0.6666666666666666,0.96,-0.9625,-1.2436974789915967,-0.4433333333333333,0.8949771689497718,0.654320987654321,3.8552631578947367,-0.44607843137254904,-0.3680424081787202,-0.36402569593147754,0.5279034690799398,24.972413793103453,0.0,0.0,0.664086217364906,-1.4188679245283018,0.0,-1.6254472843450485,-0.16205555555555554,0.0,1.0,0.0,0.0,0.0,0.0,0.0,0.0,1.0,0.0,1.0,0.0,0.0,0.0,1.0,0.0,0.0,0.0,0.0,0.0,0.0,1.0,1.0,0.0
86,0.6666666666666666,0.96,-0.9625,-1.2436974789915967,-0.4433333333333333,0.8949771689497718,0.654320987654321,3.8552631578947367,-0.44607843137254904,-0.3680424081787202,-0.36402569593147754,0.5279034690799398,24.972413793103453,0.0,0.0,0.664086217364906,-1.4188679245283018,0.0,-1.6254472843450485,-0.1453888888888889,0.0,1.0,0.0,0.0,0.0,0.0,0.0,0.0,1.0,0.0,1.0,0.0,0.0,0.0,1.0,0.0,0.0,0.0,0.0,0.0,0.0,1.0,1.0,0.0
87,0.6666666666666666,0.96,-0.9625,-1.2436974789915967,-0.4433333333333333,0.8949771689497718,0.654320987654321,3.8552631578947367,-0.44607843137254904,-0.3680424081787202,-0.36402569593147754,0.5279034690799398,24.972413793103453,0.0,0.0,0.664086217364906,-1.4188679245283018,0.0,-1.6254472843450485,-0.125,0.0,1.0,0.0,0.0,0.0,0.0,0.0,0.0,1.0,0.0,1.0,0.0,0.0,0.0,1.0,0.0,0.0,0.0,0.0,0.0,0.0,1.0,1.0,0.0
88,0.6666666666666666,0.96,-0.9625,-1.2436974789915967,-0.4433333333333333,0.8949771689497718,0.654320987654321,3.8552631578947367,-0.44607843137254904,-0.3680424081787202,-0.36402569593147754,0.5279034690799398,24.972413793103453,0.0,0.0,0.664086217364906,-1.4188679245283018,0.0,-1.6254472843450485,-0.027777777777777776,0.0,1.0,0.0,0.0,0.0,0.0,0.0,0.0,1.0,0.0,1.0,0.0,0.0,0.0,1.0,0.0,0.0,0.0,0.0,0.0,0.0,1.0,1.0,0.0
89,0.6666666666666666,0.96,-0.9625,-1.2436974789915967,-0.4433333333333333,0.8949771689497718,0.654320987654321,3.8552631578947367,-0.44607843137254904,-0.3680424081787202,-0.36402569593147754,0.5279034690799398,24.972413793103453,0.0,0.0,0.664086217364906,-1.4188679245283018,0.0,-1.6254472843450485,0.1759444444444445,0.0,1.0,0.0,0.0,0.0,0.0,0.0,0.0,1.0,0.0,1.0,0.0,0.0,0.0,1.0,0.0,0.0,0.0,0.0,0.0,0.0,1.0,1.0,0.0
90,0.6666666666666666,0.96,-0.9625,-1.2436974789915967,-0.4433333333333333,0.8949771689497718,0.654320987654321,3.8552631578947367,-0.44607843137254904,-0.3680424081787202,-0.36402569593147754,0.5279034690799398,24.972413793103453,0.0,0.0,0.664086217364906,-1.4188679245283018,0.0,-1.6254472843450485,0.39816666666666667,0.0,1.0,0.0,0.0,0.0,0.0,0.0,0.0,1.0,0.0,1.0,0.0,0.0,0.0,1.0,0.0,0.0,0.0,0.0,0.0,0.0,1.0,1.0,0.0
91,0.4126984126984127,0.8,-0.32499999999999996,0.10084033613445388,-0.20333333333333325,1.6164383561643836,1.2716049382716048,1.3605263157894734,-0.3317156862745098,-0.02347595607724349,-0.021413276231263403,0.5279034690799398,66.6096551724138,0.616066035836521,0.37966101694915255,0.367638129933212,-0.5219158200290277,0.0,0.7580031948881792,-0.1111111111111111,0.0,1.0,0.0,0.0,0.0,0.0,0.0,0.0,1.0,0.0,0.0,1.0,0.0,0.0,0.0,1.0,0.0,0.0,0.0,0.0,0.0,1.0,1.0,0.0
92,0.4126984126984127,0.8,-0.32499999999999996,0.10084033613445388,-0.20333333333333325,1.6164383561643836,1.2716049382716048,1.3605263157894734,-0.3317156862745098,-0.02347595607724349,-0.021413276231263403,0.5279034690799398,66.6096551724138,0.616066035836521,0.37966101694915255,0.367638129933212,-0.5219158200290277,0.0,0.7580031948881792,0.3888888888888889,0.0,1.0,0.0,0.0,0.0,0.0,0.0,0.0,1.0,0.0,0.0,1.0,0.0,0.0,0.0,1.0,0.0,0.0,0.0,0.0,0.0,1.0,1.0,0.0
93,-1.1111111111111112,-0.8,-0.4999999999999999,-0.26890756302520996,-0.15999999999999995,-0.36529680365296796,-0.4246913580246913,-0.3131578947368421,1.022175536764706,0.0,0.0,0.0429864253393666,0.0,-0.20334205758002818,-0.33898305084745767,0.44019429265330906,-0.018577648766328028,0.0,-0.10862619808306709,-0.14833333333333332,0.0,1.0,0.0,0.0,0.0,0.0,0.0,0.0,1.0,1.0,0.0,0.0,0.0,0.0,1.0,0.0,0.0,0.0,1.0,0.0,0.0,0.0,1.0,0.0
94,-1.1111111111111112,-0.8,-0.4999999999999999,-0.26890756302520996,-0.15999999999999995,-0.36529680365296796,-0.4246913580246913,-0.3131578947368421,1.022175536764706,0.0,0.0,0.0429864253393666,0.0,-0.20334205758002818,-0.33898305084745767,0.44019429265330906,-0.018577648766328028,0.0,-0.10862619808306709,-0.13,0.0,1.0,0.0,0.0,0.0,0.0,0.0,0.0,1.0,1.0,0.0,0.0,0.0,0.0,1.0,0.0,0.0,0.0,1.0,0.0,0.0,0.0,1.0,0.0
95,-1.1111111111111112,-0.8,-0.4999999999999999,-0.26890756302520996,-0.15999999999999995,-0.36529680365296796,-0.4246913580246913,-0.3131578947368421,1.022175536764706,0.0,0.0,0.0429864253393666,0.0,-0.20334205758002818,-0.33898305084745767,0.44019429265330906,-0.018577648766328028,0.0,-0.10862619808306709,0.3888888888888889,0.0,1.0,0.0,0.0,0.0,0.0,0.0,0.0,1.0,1.0,0.0,0.0,0.0,0.0,1.0,0.0,0.0,0.0,1.0,0.0,0.0,0.0,1.0,0.0
96,-0.031746031746031744,0.56,-0.4999999999999999,-0.26890756302520996,-0.15999999999999995,-0.36529680365296796,-0.4246913580246913,-0.3131578947368421,1.022175536764706,0.0,0.0,0.0429864253393666,0.0,-0.20334205758002818,-0.33898305084745767,0.44019429265330906,-0.018577648766328028,0.0,-0.10862619808306709,-0.14833333333333332,0.0,1.0,0.0,0.0,0.0,0.0,0.0,0.0,1.0,1.0,0.0,0.0,0.0,0.0,1.0,0.0,0.0,0.0,1.0,0.0,0.0,0.0,1.0,0.0
97,-0.031746031746031744,0.56,-0.4999999999999999,-0.26890756302520996,-0.15999999999999995,-0.36529680365296796,-0.4246913580246913,-0.3131578947368421,1.022175536764706,0.0,0.0,0.0429864253393666,0.0,-0.20334205758002818,-0.33898305084745767,0.44019429265330906,-0.018577648766328028,0.0,-0.10862619808306709,-0.13,0.0,1.0,0.0,0.0,0.0,0.0,0.0,0.0,1.0,1.0,0.0,0.0,0.0,0.0,1.0,0.0,0.0,0.0,1.0,0.0,0.0,0.0,1.0,0.0
98,-0.031746031746031744,0.56,-0.4999999999999999,-0.26890756302520996,-0.15999999999999995,-0.36529680365296796,-0.4246913580246913,-0.3131578947368421,1.022175536764706,0.0,0.0,0.0429864253393666,0.0,-0.20334205758002818,-0.33898305084745767,0.44019429265330906,-0.018577648766328028,0.0,-0.10862619808306709,0.3888888888888889,0.0,1.0,0.0,0.0,0.0,0.0,0.0,0.0,1.0,1.0,0.0,0.0,0.0,0.0,1.0,0.0,0.0,0.0,1.0,0.0,0.0,0.0,1.0,0.0
99,-0.7301587301587301,-0.32,-0.4999999999999999,-0.26890756302520996,-0.11510449999999997,-0.45662100456621,-0.49999999999999994,-0.4098821578947368,2.446078431372549,0.0,0.0,0.0429864253393666,0.0,-0.20334205758002818,-0.33898305084745767,0.44019429265330906,-0.018577648766328028,0.0,-0.237859424920128,-0.14833333333333332,0.0,1.0,0.0,0.0,0.0,0.0,0.0,0.0,1.0,1.0,0.0,0.0,0.0,0.0,1.0,0.0,0.0,0.0,1.0,0.0,0.0,0.0,1.0,0.0
100,-0.7301587301587301,-0.32,-0.4999999999999999,-0.26890756302520996,-0.11510449999999997,-0.45662100456621,-0.49999999999999994,-0.4098821578947368,2.446078431372549,0.0,0.0,0.0429864253393666,0.0,-0.20334205758002818,-0.33898305084745767,0.44019429265330906,-0.018577648766328028,0.0,-0.237859424920128,-0.13,0.0,1.0,0.0,0.0,0.0,0.0,0.0,0.0,1.0,1.0,0.0,0.0,0.0,0.0,1.0,0.0,0.0,0.0,1.0,0.0,0.0,0.0,1.0,0.0
101,-0.7301587301587301,-0.32,-0.4999999999999999,-0.26890756302520996,-0.11510449999999997,-0.45662100456621,-0.49999999999999994,-0.4098821578947368,2.446078431372549,0.0,0.0,0.0429864253393666,0.0,-0.20334205758002818,-0.33898305084745767,0.44019429265330906,-0.018577648766328028,0.0,-0.237859424920128,0.3888888888888889,0.0,1.0,0.0,0.0,0.0,0.0,0.0,0.0,1.0,1.0,0.0,0.0,0.0,0.0,1.0,0.0,0.0,0.0,1.0,0.0,0.0,0.0,1.0,0.0
102,-0.7301587301587301,-0.32,-0.4999999999999999,-0.26890756302520996,-0.11660776666666654,0.0,-0.09876543209876537,0.1710991315789474,-0.00490196078431373,0.0,0.0,0.0429864253393666,0.0,-0.20334205758002818,-0.33898305084745767,0.44019429265330906,-0.018577648766328028,0.0,-0.23386581469648576,-0.14833333333333332,0.0,1.0,0.0,0.0,0.0,0.0,0.0,0.0,1.0,1.0,0.0,0.0,0.0,0.0,1.0,0.0,0.0,0.0,1.0,0.0,0.0,0.0,1.0,0.0
103,-0.7301587301587301,-0.32,-0.4999999999999999,-0.26890756302520996,-0.11660776666666654,0.0,-0.09876543209876537,0.1710991315789474,-0.00490196078431373,0.0,0.0,0.0429864253393666,0.0,-0.20334205758002818,-0.33898305084745767,0.44019429265330906,-0.018577648766328028,0.0,-0.23386581469648576,-0.13,0.0,1.0,0.0,0.0,0.0,0.0,0.0,0.0,1.0,1.0,0.0,0.0,0.0,0.0,1.0,0.0,0.0,0.0,1.0,0.0,0.0,0.0,1.0,0.0
104,-0.7301587301587301,-0.32,-0.4999999999999999,-0.26890756302520996,-0.11660776666666654,0.0,-0.09876543209876537,0.1710991315789474,-0.00490196078431373,0.0,0.0,0.0429864253393666,0.0,-0.20334205758002818,-0.33898305084745767,0.44019429265330906,-0.018577648766328028,0.0,-0.23386581469648576,0.3888888888888889,0.0,1.0,0.0,0.0,0.0,0.0,0.0,0.0,1.0,1.0,0.0,0.0,0.0,0.0,1.0,0.0,0.0,0.0,1.0,0.0,0.0,0.0,1.0,0.0
105,-0.5396825396825397,-0.08,-0.9625,-1.2436974789915967,-0.7799999999999998,0.547945205479452,0.3567901234567901,0.7947368421052631,-0.43049019607843136,0.053010223400227235,0.05781584582441114,-1.0392156862745097,0.0,0.24360781155627134,-0.33966101694915257,5.8500303582270785,-0.03018867924528299,0.0,-0.16884984025559116,-0.1388888888888889,0.0,1.0,0.0,0.0,0.0,0.0,0.0,1.0,0.0,1.0,0.0,0.0,0.0,0.0,0.0,1.0,0.0,0.0,0.0,1.0,0.0,0.0,1.0,0.0
106,-0.3492063492063492,-0.16,1.1824999999999999,-0.672268907563025,1.733333333333333,-0.15890410958904108,2.7530864197530867,21.04210526315789,-0.44607843137254904,-0.4543733434305187,-0.44967880085653106,-1.3574660633484164,0.0,0.7966579424199719,0.928813559322034,0.42319368548876746,-1.4050740203193033,0.0,-2.0584504792332274,0.3888888888888889,0.0,0.0,1.0,0.0,1.0,0.0,0.0,0.0,0.0,1.0,0.0,0.0,0.0,0.0,0.0,0.0,1.0,0.0,0.0,0.0,0.0,1.0,1.0,0.0
107,-0.3492063492063492,-0.16,1.1824999999999999,-0.672268907563025,1.733333333333333,-0.15890410958904108,2.7530864197530867,21.04210526315789,-0.44607843137254904,-0.4543733434305187,-0.44967880085653106,-1.3574660633484164,0.0,0.7966579424199719,0.928813559322034,0.42319368548876746,-1.4050740203193033,0.0,-2.0584504792332274,0.6666666666666666,0.0,0.0,1.0,0.0,1.0,0.0,0.0,0.0,0.0,1.0,0.0,0.0,0.0,0.0,0.0,0.0,1.0,0.0,0.0,0.0,0.0,1.0,1.0,0.0
108,-0.3492063492063492,-0.16,1.1824999999999999,-0.672268907563025,1.733333333333333,-0.15890410958904108,2.7530864197530867,21.04210526315789,-0.44607843137254904,-0.4543733434305187,-0.44967880085653106,-1.3574660633484164,0.0,0.7966579424199719,0.928813559322034,0.42319368548876746,-1.4050740203193033,0.0,-2.0584504792332274,1.5,0.0,0.0,1.0,0.0,1.0,0.0,0.0,0.0,0.0,1.0,0.0,0.0,0.0,0.0,0.0,0.0,1.0,0.0,0.0,0.0,0.0,1.0,1.0,0.0
109,-0.3492063492063492,-0.16,1.1824999999999999,-0.672268907563025,1.733333333333333,-0.15890410958904108,2.7530864197530867,21.04210526315789,-0.44607843137254904,-0.4543733434305187,-0.44967880085653106,-1.3574660633484164,0.0,0.7966579424199719,0.928813559322034,0.42319368548876746,-1.4050740203193033,0.0,-2.0584504792332274,2.3333333333333335,0.0,0.0,1.0,0.0,1.0,0.0,0.0,0.0,0.0,1.0,0.0,0.0,0.0,0.0,0.0,0.0,1.0,0.0,0.0,0.0,0.0,1.0,1.0,0.0
110,-0.3492063492063492,-0.16,1.1824999999999999,-0.672268907563025,1.733333333333333,-0.15890410958904108,2.7530864197530867,21.04210526315789,-0.44607843137254904,-0.4543733434305187,-0.44967880085653106,-1.3574660633484164,0.0,0.7966579424199719,0.928813559322034,0.42319368548876746,-1.4050740203193033,0.0,-2.0584504792332274,3.1666666666666665,0.0,0.0,1.0,0.0,1.0,0.0,0.0,0.0,0.0,1.0,0.0,0.0,0.0,0.0,0.0,0.0,1.0,0.0,0.0,0.0,0.0,1.0,1.0,0.0
111,-0.3492063492063492,-0.16,1.1824999999999999,-0.672268907563025,1.733333333333333,-0.15890410958904108,2.7530864197530867,21.04210526315789,-0.44607843137254904,-0.4543733434305187,-0.44967880085653106,-1.3574660633484164,0.0,0.7966579424199719,0.928813559322034,0.42319368548876746,-1.4050740203193033,0.0,-2.0584504792332274,4.833333333333333,0.0,0.0,1.0,0.0,1.0,0.0,0.0,0.0,0.0,1.0,0.0,0.0,0.0,0.0,0.0,0.0,1.0,0.0,0.0,0.0,0.0,1.0,1.0,0.0
